doberman: [0.22118235978127646, 0.09904114071681255, 0.12040248276405138, 0.22641605211993315, 0.05176581804620929, 0.26535919748721576]
volcano: [0.02406888100111331, 0.003109751290887964, 0.004447765710527006, 0.028549129967560236, 0.003504163006656628, 0.01599945856556271]
fig: [0.15964859981927307, 0.1848878762902889, 0.359239030494414, 0.3851262495313418, 0.16610995552435995, 0.3103587600151112]
bullmastiff: [0.04282324597189536, 0.025123795098201708, 0.03248099991038927, 0.017826303722282673, 0.029925722192718506, 0.023678676543280694]
goldfish: [0.12679890590357978, 0.18709505383125008, 0.382321565705408, 0.17706678501770476, 0.17041866801675046, 0.2873920771237203]
pug: [0.02730558974236985, 0.01607676876700494, 0.10583516163172327, 0.031509923379374576, 0.01186364776042083, 0.04151977087924121]
pug with glasses: [0.17624882301312259, 0.0661208426396255, 0.10033062714306609, 0.06219733822816301, 0.015042227027145883, 0.046716228101283674]